function x = MTprofile17_44hr18_Aug_2011
%created: 17_44hr18_Aug_2011

x.BFs = [250   500  1000  2000  4000  8000];

x.LongTone = [16.1      12.7      8.93      8.95        14      20.9];
x.ShortTone = [18.8      15.5      11.9      13.6      20.2      25.3];

x.Gaps = [0.01      0.03      0.05      0.07      0.09];
x.TMCFreq = [250   500  1000  2000  4000  8000];
x.TMC = [
51.3	49.7	43.7	56.1	45.7	35.3	 
59.2	52.9	57.9	63.8	58	39.2	 
63.3	65.6	58.6	67.5	63.9	45.4	 
77	72	70.5	68.8	69.7	39.7	 
82.7	77.3	75.1	73.3	70.4	70.4	 
];
x.TMC = x.TMC';

x.MaskerRatio = [0.5      0.7      0.9        1      1.1      1.3      1.6];
x.IFMCFreq = [250   500  1000  2000  4000  8000];
x.IFMCs = [
61.1	74.9	78.7	76.7	78.8	84.8	 
55.9	64.3	64.8	76.9	85.3	89.9	 
52.4	53.1	47.8	59.3	62	37.6	 
48.8	44	45	54.9	56.9	36.7	 
53.7	47.4	43.2	63.6	45.9	39.7	 
52.5	55	61.7	74.5	82.5	72.1	 
59.2	68.7	90.1	104	102	103	 
];
x.IFMCs = x.IFMCs';
