function x = MTprofile17_33hr18_Aug_2011
%created: 17_33hr18_Aug_2011

x.BFs = [1000];

x.LongTone = [9.11];
x.ShortTone = [11.6];

x.Gaps = [0.01      0.03      0.05      0.07      0.09];
x.TMCFreq = [1000];
x.TMC = [
34.5	37.9	42	52	55.7	 
];
x.TMC = x.TMC';

x.MaskerRatio = [0.5      0.7      0.9        1      1.1      1.3      1.6];
x.IFMCFreq = [1000];
x.IFMCs = [
64.9	48.4	33.9	32.7	28.9	38.6	60.9	 
];
x.IFMCs = x.IFMCs';
