function x = MTprofile7_44hr19_Aug_2011
%created: 7_44hr19_Aug_2011

x.BFs = [1000];

x.LongTone = [9.83];
x.ShortTone = [12.3];

x.Gaps = [0.01      0.03      0.05      0.07      0.09];
x.TMCFreq = [1000];
x.TMC = [
63.5	 
66.8	 
72	 
82.7	 
90.2	 
];
x.TMC = x.TMC';

x.MaskerRatio = [0.5      0.7      0.9        1      1.1      1.3      1.6];
x.IFMCFreq = [1000];
x.IFMCs = [
81	 
73.3	 
63.4	 
60.3	 
65.5	 
79	 
88	 
];
x.IFMCs = x.IFMCs';
