function x = MTprofile8_24hr19_Aug_2011
%created: 8_24hr19_Aug_2011

x.BFs = [1000];

x.LongTone = [10.7];
x.ShortTone = [13.6];

x.Gaps = [0.01      0.03      0.05      0.07      0.09];
x.TMCFreq = [1000];
x.TMC = [
53.2	 
68.6	 
72.4	 
75	 
85.1	 
];
x.TMC = x.TMC';

x.MaskerRatio = [0.5      0.7      0.9        1      1.1      1.3      1.6];
x.IFMCFreq = [1000];
x.IFMCs = [
79.9	 
73.8	 
61	 
52.3	 
63.3	 
77.8	 
88.4	 
];
x.IFMCs = x.IFMCs';
