function x = MTprofile10_0hr19_Aug_2011
%created: 10_0hr19_Aug_2011

x.BFs = [250   500  1000  2000  4000  8000];

x.LongTone = [16.1      13.1      9.24      9.67      15.4      20.6];
x.ShortTone = [18.9        16      12.3      12.7      20.8      26.6];

x.Gaps = [0.01      0.03      0.05      0.07      0.09];
x.TMCFreq = [250   500  1000  2000  4000  8000];
x.TMC = [
36.2	31.2	35.2	54.4	38.2	37	 
69.5	42.5	52.6	64.8	62.9	39.8	 
77.8	65.2	52.2	66.7	72.3	42.2	 
80.7	71.5	70.7	71.2	80.6	44.4	 
89.6	82.3	77.8	74.9	78.2	68.2	 
];
x.TMC = x.TMC';

x.MaskerRatio = [0.5      0.7      0.9        1      1.1      1.3      1.6];
x.IFMCFreq = [250   500  1000  2000  4000  8000];
x.IFMCs = [
68.2	79.3	77.9	75.2	77.4	83.2	 
58	66.9	69.2	74.7	83.1	88	 
52.4	38.3	39.6	53.2	74.6	41.5	 
41.7	32.1	31.3	46.9	40.4	39.4	 
35	29.2	23.9	56.3	40.4	37.2	 
43.3	37.7	70.7	80.1	91.7	89	 
78.7	80.7	85.5	91	99.7	102	 
];
x.IFMCs = x.IFMCs';
