function x = MTprofile8_19hr19_Aug_2011
%created: 8_19hr19_Aug_2011

x.BFs = [250   500  1000  2000  4000  8000];

x.LongTone = [16.5        13       9.2      9.64      15.4      21.2];
x.ShortTone = [19.6      15.4      12.2      12.6      20.5      25.2];

x.Gaps = [0.01      0.03      0.05      0.07      0.09];
x.TMCFreq = [250   500  1000  2000  4000  8000];
x.TMC = [
75.2	55.2	60.6	62.6	63.2	37	 
81	67.3	69	70.4	73.5	38.4	 
88.3	71.1	74.2	74.6	77.7	39.4	 
99	84.9	78.2	75.4	80.9	48.2	 
NaN	86.9	83.4	79.8	83.8	66.2	 
];
x.TMC = x.TMC';

x.MaskerRatio = [0.01     0.03     0.05     0.07     0.09];
x.IFMCFreq = [250   500  1000  2000  4000  8000];
x.IFMCs = [
75.2	55.2	60.6	62.6	63.2	37	 
81	67.3	69	70.4	73.5	38.4	 
88.3	71.1	74.2	74.6	77.7	39.4	 
99	84.9	78.2	75.4	80.9	48.2	 
NaN	86.9	83.4	79.8	83.8	66.2	 
];
x.IFMCs = x.IFMCs';
