function x = MTprofile13_25hr04_Oct_2011
%created: 13_25hr04_Oct_2011

x.BFs = [250   500  1000  2000  4000  8000];

x.LongTone = [33.8      32.5      44.1      68.4      84.1        69];
x.ShortTone = [41.7      40.6      51.1      79.1      90.3      79.7];

x.Gaps = [0.01      0.03      0.05      0.07      0.09];
x.TMCFreq = [250   500  1000  2000  4000  8000];
x.TMC = [
48	48.4	66.2	91.1	NaN	82.4	 
55.1	53.6	60.7	92	NaN	91.5	 
57.3	55	71.1	95.7	NaN	89.7	 
64.4	65.8	64.6	98.8	NaN	82.3	 
59.8	70.9	80.1	96	NaN	90.3	 
];
x.TMC = x.TMC';

x.MaskerRatio = [0.5      0.7      0.9        1      1.1      1.3      1.6];
x.IFMCFreq = [250   500  1000  2000  4000  8000];
x.IFMCs = [
56.3	76.4	86.4	91.5	104	102	 
52.2	64.1	74.6	95.1	NaN	NaN	 
48.8	52.8	59.2	92.9	NaN	98	 
49.4	52	58.3	92.5	NaN	79	 
49.7	47.7	61.2	95.5	NaN	87.8	 
50.7	56.8	74.9	NaN	NaN	94.9	 
56.4	91.5	99.3	NaN	NaN	NaN	 
];
x.IFMCs = x.IFMCs';
