function x = MTprofile16_31hr04_Oct_2011
%created: 16_31hr04_Oct_2011

x.BFs = [250   500  1000  2000  4000  8000];

x.LongTone = [65.9      64.4      61.8        65      67.5        69];
x.ShortTone = [71.9      68.3      65.8      69.7      75.3      81.6];

x.Gaps = [0.01      0.03      0.05      0.07      0.09];
x.TMCFreq = [250   500  1000  2000  4000  8000];
x.TMC = [
86	84.2	84.7	91	95.8	99.8	 
88.1	84.1	85.6	92.4	97.4	103	 
88.7	86.6	87.4	95.1	98.7	103	 
89.1	87.2	88.1	95.4	101	NaN	 
90.5	88	89.6	96.8	103	NaN	 
];
x.TMC = x.TMC';

x.MaskerRatio = [0.5      0.7      0.9        1      1.1      1.3      1.6];
x.IFMCFreq = [250   500  1000  2000  4000  8000];
x.IFMCs = [
94.4	91.1	86	83.8	86.1	95.9	 
90.8	87.7	82.7	87.7	90.8	95.9	 
87.3	84.6	83	89.1	92	97.9	 
86.4	84	84.5	90.4	94.3	99.6	 
85.4	82.7	85.3	92	96	102	 
83.2	83.1	89.5	96.8	100	NaN	 
83.2	86.9	95.4	103	NaN	103	 
];
x.IFMCs = x.IFMCs';
