function x = MTprofile14_59hr10_Nov_2011
%created: 14_59hr10_Nov_2011

x.BFs = [250   500  1000  2000  4000  8000];

x.LongTone = [16.6        14      12.6      15.5      20.3      27.6];
x.ShortTone = [17.9      16.5      15.4      18.5      26.3      32.9];

x.Gaps = [0.01      0.03      0.05      0.07      0.09];
x.TMCFreq = [250   500  1000  2000  4000  8000];
x.TMC = [
28.7	30.7	34.8	46	40.9	52.4	 
36.3	45.1	49.3	54.1	55	49.5	 
73.5	82.5	80.2	59.8	54.7	68.4	 
94.1	88.7	85.5	78.1	71.5	76.8	 
97.9	91.6	89.2	78.5	75.2	91.1	 
];
x.TMC = x.TMC';

x.MaskerRatio = [0.5      0.7      0.9        1      1.1      1.3      1.6];
x.IFMCFreq = [250   500  1000  2000  4000  8000];
x.IFMCs = [
32.7	57.1	72.5	71.7	72	83.3	 
30.7	39.3	50.9	69.7	81.3	89.2	 
28.8	32.2	35.2	42.3	57.6	53	 
28.4	30.6	32.2	38.7	39.2	46.7	 
28.2	30.2	38.4	40.9	44.5	49.8	 
28.3	34.2	55.6	79.7	71.3	88.7	 
30.3	55.6	86.3	91.5	97.1	103	 
];
x.IFMCs = x.IFMCs';
