function x = MTprofile14_9hr20_Sep_2011
%created: 14_9hr20_Sep_2011

x.BFs = [250   500  1000  2000  4000  8000];

x.LongTone = [10.7      6.17      2.35      2.12      4.94      10.6];
x.ShortTone = [15.2      11.4       7.7      8.55      12.3      17.7];

x.Gaps = [0.01      0.03      0.05      0.07      0.09];
x.TMCFreq = [250   500  1000  2000  4000  8000];
x.TMC = [
27.9	23.1	19	28.7	25.7	26.5	 
36.7	30.3	26.8	34.1	33.3	34.8	 
44.8	41.1	47.5	61.2	38.3	38.1	 
54.8	59.5	66.4	65.4	51	51.4	 
79.2	80.3	75.1	80.5	63	41.3	 
];
x.TMC = x.TMC';

x.MaskerRatio = [0.5      0.7      0.9        1      1.1      1.3      1.6];
x.IFMCFreq = [250   500  1000  2000  4000  8000];
x.IFMCs = [
34.3	57.9	67.5	67.7	65.3	72.2	 
31.7	41.5	47.6	66.9	72.1	79.7	 
29.2	27.3	22.1	24.9	27.6	30.3	 
27.8	22.3	19.4	24.3	24.5	28.7	 
27.8	22.6	18.4	23.3	25.2	30.9	 
28.8	23.7	24.7	43.5	36.1	45.8	 
32.7	39.1	76.1	82.8	88.1	94.8	 
];
x.IFMCs = x.IFMCs';
