function x = MTprofile16_43hr14_Nov_2011
%created: 16_43hr14_Nov_2011

x.BFs = [250   500  1000  2000  4000  8000];

x.LongTone = [64.1      57.3      57.3      60.1      66.1      74.9];
x.ShortTone = [66.6      60.3      60.2      62.6      68.7      78.1];

x.Gaps = [0.01      0.03      0.05      0.07      0.09];
x.TMCFreq = [250   500  1000  2000  4000  8000];
x.TMC = [
92.8	84.9	83.6	83.9	85.4	94.1	 
100	93.4	93.2	88.2	87.6	96.8	 
NaN	96.3	96.1	91.8	89.8	98.7	 
NaN	97.9	102	97.1	95.4	101	 
NaN	101	NaN	NaN	97.5	NaN	 
];
x.TMC = x.TMC';

x.MaskerRatio = [0.5      0.7      0.9        1      1.1      1.3      1.6];
x.IFMCFreq = [250   500  1000  2000  4000  8000];
x.IFMCs = [
98	89.5	83.2	76.7	78.1	87.8	 
96.1	86.3	83.1	80.2	81.6	89.3	 
94.4	85.1	82.8	82.8	84.9	91.3	 
92.1	83.9	83.2	82.4	85.9	94.4	 
90.7	85.6	84.7	84.9	86	94.7	 
90.5	86.6	88.7	88.3	91	101	 
90.1	91.3	94.3	95.6	95.9	106	 
];
x.IFMCs = x.IFMCs';
