function x = MTprofile23_35hr09_Oct_2011
%created: 23_35hr09_Oct_2011

x.BFs = [250   500  1000  2000  4000  8000];

x.LongTone = [4.82    -0.118     -1.64     0.904      6.77      12.7];
x.ShortTone = [7.33      5.53      4.97      7.39      11.8      18.9];

x.Gaps = [0.01      0.03      0.05      0.07      0.09];
x.TMCFreq = [250   500  1000  2000  4000  8000];
x.TMC = [
23.5	26.3	46.9	58.2	32.4	40.6	 
35.6	56.1	69.3	67.7	49.3	47	 
70.6	68.1	77.9	67.6	54.4	58.9	 
77.3	78.5	81.6	79.9	65.9	64.6	 
84.5	80.5	82.7	86.5	62.4	72.7	 
];
x.TMC = x.TMC';

x.MaskerRatio = [0.5      0.7      0.9        1      1.1      1.3      1.6];
x.IFMCFreq = [250   500  1000  2000  4000  8000];
x.IFMCs = [
28.5	64.5	78.3	75.4	75.4	86.9	 
26.1	42.3	64.9	76.9	81.3	90.9	 
22.3	31	50.4	60.2	47.5	53.9	 
24	28.2	52	59.8	45.9	37.2	 
23.1	32.1	51.2	56.6	45.7	42.5	 
23.9	34.1	75.1	85.1	57.1	66	 
32.3	79.1	91.2	95.8	96.7	105	 
];
x.IFMCs = x.IFMCs';
