function x = MTprofile14_39hr04_Oct_2011
%created: 14_39hr04_Oct_2011

x.BFs = [250   500  1000  2000  4000  8000];

x.LongTone = [27.1      24.1      32.5      52.6      63.4      51.3];
x.ShortTone = [33.6      33.9      43.7      67.7      80.9      62.8];

x.Gaps = [0.01      0.03      0.05      0.07      0.09];
x.TMCFreq = [250   500  1000  2000  4000  8000];
x.TMC = [
42	40.4	59.7	73.9	88.2	51.5	 
44.1	47.7	57.7	77.6	93.8	40.2	 
47.2	49.3	68	85.9	97.6	44.6	 
55.2	54.9	72.4	86.1	96.6	55.8	 
66.4	64	83.3	87.1	101	58	 
];
x.TMC = x.TMC';

x.MaskerRatio = [0.5      0.7      0.9        1      1.1      1.3      1.6];
x.IFMCFreq = [250   500  1000  2000  4000  8000];
x.IFMCs = [
44.5	73.9	86.4	84.9	94.8	81.2	 
43.2	58.5	77	86.7	98.3	102	 
43.9	50.9	61.4	72	99.3	51.3	 
39.9	46.8	57.6	56	92.4	50.7	 
40.3	44	62	78.2	88.7	40.3	 
36.9	51.8	78.3	99.2	NaN	73.2	 
51.2	89.5	98.1	NaN	NaN	NaN	 
];
x.IFMCs = x.IFMCs';
