function x = MTprofile20_5hr09_Oct_2011
%created: 20_5hr09_Oct_2011

x.BFs = [250   500  1000  2000  4000  8000];

x.LongTone = [1.84    -0.775     -3.26     -1.62      5.65      10.4];
x.ShortTone = [7.18      5.31      3.18       6.1      13.2      18.4];

x.Gaps = [0.01      0.03      0.05      0.07      0.09];
x.TMCFreq = [250   500  1000  2000  4000  8000];
x.TMC = [
17.2	16.5	14	21	25.8	30.2	 
17.8	16.4	15	27.9	33.8	31.8	 
18.9	18.7	15.4	31.8	36.6	35.7	 
21.1	19.2	19	42.3	58.1	34.4	 
21.5	21.9	22.6	57.3	61.3	45.6	 
];
x.TMC = x.TMC';

x.MaskerRatio = [0.5      0.7      0.9        1      1.1      1.3      1.6];
x.IFMCFreq = [250   500  1000  2000  4000  8000];
x.IFMCs = [
21	34.6	57.7	70.4	73.1	81.7	 
18.8	22.7	26.9	51	78.6	87.6	 
17.8	17.7	15.7	19.5	35.1	33.1	 
17.2	14.7	13.6	26.7	27.2	31.1	 
16.7	14.9	13.1	22	30.7	32.9	 
16.6	15.7	20.5	41.3	60	50.2	 
19.4	24.2	82.7	89	97.6	103	 
];
x.IFMCs = x.IFMCs';
