function x = MTprofile16_0hr04_Oct_2011
%created: 16_0hr04_Oct_2011

x.BFs = [250   500  1000  2000  4000  8000];

x.LongTone = [70        68      66.5      70.6      75.7      81.9];
x.ShortTone = [78.6      73.9      72.5      75.7        82      88.8];

x.Gaps = [0.01      0.03      0.05      0.07      0.09];
x.TMCFreq = [250   500  1000  2000  4000  8000];
x.TMC = [
92.4	89.6	91.5	94.6	101	NaN	 
95.1	90.6	92.8	99.3	NaN	NaN	 
95.2	90.7	94.2	99.5	NaN	NaN	 
95	91.4	94.6	102	NaN	NaN	 
96.7	91.9	97.2	NaN	NaN	NaN	 
];
x.TMC = x.TMC';

x.MaskerRatio = [0.5      0.7      0.9        1      1.1      1.3      1.6];
x.IFMCFreq = [250   500  1000  2000  4000  8000];
x.IFMCs = [
99.7	95.7	91.8	91.5	94.5	103	 
97.4	93.3	90	93.1	97.9	104	 
94.4	90	89.9	96.5	99.8	NaN	 
93	89.4	90.7	97.2	103	NaN	 
92.1	88.6	92.3	98	102	NaN	 
90.1	89.5	96.1	103	NaN	NaN	 
89	92.6	103	NaN	NaN	NaN	 
];
x.IFMCs = x.IFMCs';
