function x = MTprofile19_7hr09_Oct_2011
%created: 19_7hr09_Oct_2011

x.BFs = [250   500  1000  2000  4000  8000];

x.LongTone = [4.55    -0.275     -0.15      2.09      5.95      9.32];
x.ShortTone = [7.73      5.16      3.75      6.61      13.1      17.1];

x.Gaps = [0.01      0.03      0.05      0.07      0.09];
x.TMCFreq = [250   500  1000  2000  4000  8000];
x.TMC = [
18	16.2	16.3	25.8	36.3	32.3	 
20.9	20.2	17.6	45.2	42.5	32.3	 
22.8	24	29.6	44.6	39.6	34.7	 
33.8	35.2	24.5	58	55.3	33.3	 
54.1	47.6	47.9	66.9	68.1	37.1	 
];
x.TMC = x.TMC';

x.MaskerRatio = [0.5      0.7      0.9        1      1.1      1.3      1.6];
x.IFMCFreq = [250   500  1000  2000  4000  8000];
x.IFMCs = [
23.3	39.5	60.5	72.1	74.4	80.8	 
21	24.9	33.6	69	80.3	85.8	 
19.1	18.1	18.4	31.7	44.9	36.1	 
19.2	16.4	15.4	24	32.9	29.5	 
17.9	16.8	15.4	36	28.9	31.1	 
18.7	17.1	28.9	46.9	50.3	45.9	 
21.4	29.1	84.2	91.8	97	80.8	 
];
x.IFMCs = x.IFMCs';
