function x = MTprofile12_26hr05_Oct_2011
%created: 12_26hr05_Oct_2011

x.BFs = [250   500  1000  2000  4000  8000];

x.LongTone = [10.5      7.64      6.56      10.1      13.2      18.6];
x.ShortTone = [15.4      14.1      12.5        16      21.7      27.4];

x.Gaps = [0.01      0.03      0.05      0.07      0.09];
x.TMCFreq = [250   500  1000  2000  4000  8000];
x.TMC = [
39.6	46.7	37.8	47.4	51	67.9	 
47.7	49.6	47.2	44.2	63	83.5	 
54	53.8	59.9	53.4	74.5	89.8	 
61.2	63.7	58.8	58.2	80	97.5	 
65.2	67.3	69.3	72.2	91.3	95.9	 
];
x.TMC = x.TMC';

x.MaskerRatio = [0.5      0.7      0.9        1      1.1      1.3      1.6];
x.IFMCFreq = [250   500  1000  2000  4000  8000];
x.IFMCs = [
47.8	70.6	76.5	77.2	78.5	94.9	 
42.3	59.2	63.2	74.8	84.1	97.2	 
36.9	47.3	43.8	45.5	65	85.5	 
38.7	44.6	40.5	53	49.8	71.2	 
39	38.5	39.6	27.3	41.3	68.5	 
41.6	47.9	56.7	55.8	93.4	NaN	 
54.8	84.6	87	92.2	103	NaN	 
];
x.IFMCs = x.IFMCs';
