function x = MTprofile15_22hr04_Oct_2011
%created: 15_22hr04_Oct_2011

x.BFs = [250   500  1000  2000  4000  8000];

x.LongTone = [11.1      7.48      8.71      8.55      14.3      18.4];
x.ShortTone = [16.1      13.6      14.2      15.1        21      27.3];

x.Gaps = [0.01      0.03      0.05      0.07      0.09];
x.TMCFreq = [250   500  1000  2000  4000  8000];
x.TMC = [
26.7	30.8	33.1	28.5	37.3	50.4	 
35.1	33.5	41.6	34.8	44.2	57.1	 
44.6	41.8	49.8	39.5	75.1	80.9	 
53.8	57.8	61	37.2	71	89.3	 
64.7	62.9	63.4	52.2	81.5	97.9	 
];
x.TMC = x.TMC';

x.MaskerRatio = [0.5      0.7      0.9        1      1.1      1.3      1.6];
x.IFMCFreq = [250   500  1000  2000  4000  8000];
x.IFMCs = [
34.9	62.4	79.4	80.7	83.6	94.1	 
32.8	42	61.6	78.3	87.9	99.3	 
29.2	28	34.4	27.3	46.9	58.5	 
29.5	28.1	31	36	41	42.8	 
29.6	28.1	37.1	23.2	32.3	50.2	 
32.4	35.1	46.5	52.2	59.4	88.7	 
37.7	52.5	92.7	97	107	NaN	 
];
x.IFMCs = x.IFMCs';
