function x = profile_JSAN_R										
x.BFs= [   										
	250	500	1000	2000	3000					
	];									
x.LongTone= [ 										
	67.46	56.96	65.02	61.47	73.33					
	];									
x.ShortTone= [ 										
	72.32	63.28	69.04	65.29	76.00					
	];									
x.Gaps= [										
	0.02	0.05	0.08							
	];									
x.TMCFreq= [										
	250	500	1000	2000	3000					
	];									
x.TMC= [										
    84	69	77	75	93
88	73	81	79	97
95	79	85	83	98					
										
	];									
x.TMC = x.TMC';										
x.IFMCFreq= [										
	250	500	1000	2000	3000					
	];									
x.MaskerRatio=[    										
	0.7	0.9	1	1.1	1.3				
	];									
x.IFMCs=[										
83.1698	77.3165	79.8474	82.9074	82.3294
80.9667	73.6653	80.9446	80.7005	79.0022
82.0135	71.2284	78.7345	74.3342	84.126
79.3348	70.3347	78.5769	79.7274	91.9849
79.2308	76.3164	83.6881	86.2105	NaN				
	];									
x.IFMCs= x.IFMCs';										
