function x = profile_JE_L									
x.BFs= [   									
	250	500	1000	2000	3000	4000			
	];								
x.LongTone= [ 									
	31.71	30.29	30.54	39.79	NaN	53.71			
	];								
x.ShortTone= [ 									
	48.50	50.17	46.57	55.80	62.40	63.45			
	];								
x.Gaps= [									
	0.01	0.02	0.03	0.04	0.05	0.06	0.07	0.08	0.09
	];								
x.TMCFreq= [									
	250	500	1000	2000	4000				
	];								
x.TMC= [									
68.97	61.43	63.20	67.37	81.83
82.70	68.40	69.27	71.07	82.38
81.77	78.53	79.20	74.50	85.78
93.90	87.77	83.83	80.07	85.60
NaN	93.00	92.40	81.50	NaN
NaN	NaN	NaN	83.53	82.50
NaN	NaN	NaN	88.35	88.20
NaN	NaN	NaN	92.80	89.50
NaN	NaN	NaN	NaN	74.80
			
	];								
x.TMC = x.TMC';									
x.IFMCFreq= [									
	250	500	1000	2000	3000	4000			
	];								
x.MaskerRatio=[    									
	0.5	0.7	0.9	1	1.1	1.3	1.6		
	];								
x.IFMCs=[									
	64.37	64.53	67.65	75.50	78.80	76.26			
	59.70	62.93	63.70	74.57	71.30	72.56			
	57.50	57.67	59.85	70.53	67.73	74.90			
	58.27	55.27	59.30	66.97	69.37	75.13			
	57.20	53.73	61.55	67.73	72.70	76.04			
	60.23	58.73	72.58	71.23	75.43	80.08			
	64.47	69.40	78.98	76.70	77.07	NaN			
	];								
x.IFMCs= x.IFMCs';									
